3897913199	2147483648	0	0	0	0	83
3897913199	2147483648	0	0	0	0	83
3897913199	2147483648	0	0	0	0	83
3897913199	2147483648	0	0	0	0	83
3897913199	2147483648	0	0	0	0	83
3897913199	2147483648	0	0	0	0	83
3897913199	2147483648	0	0	0	0	83
3897913199	2147483648	0	0	0	0	83
3897913199	2147483648	0	0	0	0	83
0	226920650	0	65535	0	4294967295	86
0	226920650	0	65535	0	4294967295	86
911692544	1052770303	65535	65535	255	0	77
911692544	1052770303	65535	65535	255	0	77
3913449471	2219015973	65535	25	6	512	15
3913449471	2219015973	65535	25	6	512	15
0	501540352	65535	65535	0	4294967295	93
0	501540352	65535	65535	0	4294967295	93
0	501540352	65535	65535	0	4294967295	93
0	501540352	65535	65535	0	4294967295	93
0	501540352	65535	65535	0	4294967295	93
0	501540352	65535	65535	0	4294967295	93
0	501540352	65535	65535	0	4294967295	93
0	501540352	65535	65535	0	4294967295	93
0	501540352	65535	65535	0	4294967295	93
0	501540352	65535	65535	0	4294967295	93
0	501540352	65535	65535	0	4294967295	93
0	501540352	65535	65535	0	4294967295	93
0	501540352	65535	65535	0	4294967295	93
0	501540352	65535	65535	0	4294967295	93
911692763	2251489280	0	0	6	0	35
911692763	2251489280	0	0	6	0	35
4294967295	226920650	65535	0	255	4294967295	86
4294967295	226920650	65535	0	255	4294967295	86
4294967295	226920650	65535	0	255	4294967295	86
4294967295	226920650	65535	0	255	4294967295	86
4294967295	226920650	65535	0	255	4294967295	86
0	1483871231	0	0	255	0	92
0	1483871231	0	0	255	0	92
0	1483871231	0	0	255	0	92
0	1483871231	0	0	255	0	92
3913285632	1050849581	0	0	6	4294967295	49
3913285632	1050849581	0	0	6	4294967295	49
3913285632	1050849581	0	0	6	4294967295	49
3913285632	1050849581	0	0	6	4294967295	49
3913285632	1050849581	0	0	6	4294967295	49
3913285632	1050849581	0	0	6	4294967295	49
3913285632	1050849581	0	0	6	4294967295	49
3913285632	1050849581	0	0	6	4294967295	49
3913809919	1050823586	0	25	17	0	21
3913809919	1050823586	0	25	17	0	21
3913452031	3749707776	0	0	6	0	62
3913452031	3749707776	0	0	6	0	62
3913452031	3749707776	0	0	6	0	62
3913452031	3749707776	0	0	6	0	62
3913452031	3749707776	0	0	6	0	62
3913452031	3749707776	0	0	6	0	62
3913452031	3749707776	0	0	6	0	62
3913452031	3749707776	0	0	6	0	62
3913452031	3749707776	0	0	6	0	62
3913451806	3816407928	65535	0	255	0	27
3913451806	3816407928	65535	0	255	0	27
4154885119	4294967295	0	0	6	0	90
4154885119	4294967295	0	0	6	0	90
4133654528	2220883967	65535	0	6	0	59
4133654528	2220883967	65535	0	6	0	59
3913579264	656670720	0	65535	0	0	63
3913579264	656670720	0	65535	0	0	63
3913579264	656670720	0	65535	0	0	63
3897955826	3816798617	65535	65535	255	0	26
3897955826	3816798617	65535	65535	255	0	26
3913452031	1053794845	65535	0	0	4294967295	40
3913452031	1053794845	65535	0	0	4294967295	40
3913452031	1053794845	65535	0	0	4294967295	40
3897955826	3816798617	0	65535	255	0	26
3897955826	3816798617	0	65535	255	0	26
3897955826	3816798617	0	65535	255	0	26
0	512753664	0	25	6	0	72
0	512753664	0	25	6	0	72
0	512753664	0	25	6	0	72
0	512753664	0	25	6	0	72
0	512753664	0	25	6	0	72
0	512753664	0	25	6	0	72
0	512753664	0	25	6	0	72
0	512753664	0	25	6	0	72
2316193583	2219507711	0	65535	6	0	36
2316193583	2219507711	0	65535	6	0	36
911692763	68950528	65535	23	6	512	11
911692763	68950528	65535	23	6	512	11
911692763	68950528	65535	23	6	512	11
3913579007	3816587263	65535	0	255	4294967295	68
3913579007	3816587263	65535	0	255	4294967295	68
3913579007	3816587263	65535	0	255	4294967295	68
3913579007	3816587263	65535	0	255	4294967295	68
3913579007	3816587263	65535	0	255	4294967295	68
3898413056	2220687359	65535	0	255	0	67
3898413056	2220687359	65535	0	255	0	67
3913449471	1054706176	65535	137	17	4294967295	29
3913449471	1054706176	65535	137	17	4294967295	29
3913453567	1050673152	65535	0	255	0	82
3913453567	1050673152	65535	0	255	0	82
2318902998	71502379	0	0	255	0	30
2318902998	71502379	0	0	255	0	30
3913452031	3749707776	65535	65535	6	4294967295	62
3913452031	3749707776	65535	65535	6	4294967295	62
911692695	69062783	65535	0	6	0	23
911692695	69062783	65535	0	6	0	23
3898413567	2220654592	0	65535	255	4294967295	67
3898413567	2220654592	0	65535	255	4294967295	67
911692763	2251522047	65535	0	6	0	35
911692763	2251522047	65535	0	6	0	35
911692763	2251522047	65535	0	6	0	35
911692763	2251522047	65535	0	6	0	35
3913449471	1054706687	65535	137	17	4294967295	29
3913449471	1054706687	65535	137	17	4294967295	29
3913449471	1054706687	65535	137	17	4294967295	29
3913449471	1054706687	65535	137	17	4294967295	29
911693506	2719966168	65535	25	17	0	2
911693506	2719966168	65535	25	17	0	2
911693506	2719966168	65535	25	17	0	2
4133653573	2220671104	65535	65535	6	512	22
4133653573	2220671104	65535	65535	6	512	22
199320064	1052770303	0	65535	6	0	58
199320064	1052770303	0	65535	6	0	58
3913451803	4294967295	0	65535	6	4294967295	69
3913451803	4294967295	0	65535	6	4294967295	69
3913451803	4294967295	0	65535	6	4294967295	69
3913451803	4294967295	0	65535	6	4294967295	69
3898413567	2220654592	65535	65535	255	4294967295	67
3898413567	2220654592	65535	65535	255	4294967295	67
3898413567	2220654592	65535	65535	255	4294967295	67
4294967295	501540607	0	65535	0	0	93
4294967295	501540607	0	65535	0	0	93
4294967295	501540607	0	65535	0	0	93
3913416704	1050847039	0	0	255	0	56
3913416704	1050847039	0	0	255	0	56
3913416704	1050847039	0	0	255	0	56
3913416704	1050847039	0	0	255	0	56
3913416704	1050847039	0	0	255	0	56
3913416704	1050847039	0	0	255	0	56
3913416704	1050847039	0	0	255	0	56
911692763	68950528	65535	23	6	512	11
911692763	68950528	65535	23	6	512	11
911692763	68950528	65535	23	6	512	11
911692763	68950528	65535	23	6	512	11
911692763	68950528	65535	23	6	512	11
911692693	2720006144	65535	1025	6	0	42
911692693	2720006144	65535	1025	6	0	42
911692693	2720006144	65535	1025	6	0	42
911692693	2720006144	65535	1025	6	0	42
911692693	2720006144	65535	1025	6	0	42
911692693	2720006144	65535	1025	6	0	42
911692693	2720006144	65535	1025	6	0	42
911692693	2720006144	65535	1025	6	0	42
911692693	2720006144	65535	1025	6	0	42
911692693	2720006144	65535	1025	6	0	42
911692693	2720006144	65535	1025	6	0	42
911692693	2720006144	65535	1025	6	0	42
911692693	2720006144	65535	1025	6	0	42
911692693	2720006144	65535	1025	6	0	42
911692693	2720006144	65535	1025	6	0	42
911692693	2720006144	65535	1025	6	0	42
911692693	2720006144	65535	1025	6	0	42
911692693	2720006144	65535	1025	6	0	42
911692693	2720006144	65535	1025	6	0	42
911692693	2720006144	65535	1025	6	0	42
3913416704	1054706176	65535	137	17	0	29
3913416704	1054706176	65535	137	17	0	29
910163968	1050828351	0	0	0	4294967295	73
910163968	1050828351	0	0	0	4294967295	73
910163968	1050828351	0	0	0	4294967295	73
3913285632	1050823587	0	25	17	0	21
3913285632	1050823587	0	25	17	0	21
911736831	911595727	0	25	6	0	19
911736831	911595727	0	25	6	0	19
3913451800	2147483648	65535	0	255	4294967295	84
3913451800	2147483648	65535	0	255	4294967295	84
3897672370	69074943	65535	65535	6	0	37
3897672370	69074943	65535	65535	6	0	37
4294967295	4294967295	65535	1025	6	4294967295	98
4294967295	4294967295	65535	1025	6	4294967295	98
911692791	2670482431	0	0	6	268439552	24
911692791	2670482431	0	0	6	268439552	24
911692791	2670482431	0	0	6	268439552	24
911692791	2670482431	0	0	6	268439552	24
3913416704	2219015972	0	25	6	512	15
3913416704	2219015972	0	25	6	512	15
3913416704	2219015972	0	25	6	512	15
3913416704	2219015972	0	25	6	512	15
3913416704	2219015972	0	25	6	512	15
3913416704	2219015972	0	25	6	512	15
3913416704	2219015972	0	25	6	512	15
3913416704	2219015972	0	25	6	512	15
3913416704	2219015972	0	25	6	512	15
3913416704	2219015972	0	25	6	512	15
3913416704	2219015972	0	25	6	512	15
3913416704	2219015972	0	25	6	512	15
3913416704	2219015972	0	25	6	512	15
3913416704	2219015972	0	25	6	512	15
3913416704	2219015972	0	25	6	512	15
3913578496	911474688	0	0	255	0	70
3913578496	911474688	0	0	255	0	70
3913578496	911474688	0	0	255	0	70
3913578496	911474688	0	0	255	0	70
3913578496	911474688	0	0	255	0	70
3913578496	911474688	0	0	255	0	70
3913578496	911474688	0	0	255	0	70
3913578496	911474688	0	0	255	0	70
3913578496	911474688	0	0	255	0	70
3913451800	1050823168	0	25	6	4294967295	13
3913451800	1050823168	0	25	6	4294967295	13
3897955826	3816798617	0	0	255	4294967295	26
3897955826	3816798617	0	0	255	4294967295	26
4133653759	2147483647	65535	0	255	0	91
4133653759	2147483647	65535	0	255	0	91
2147483647	2251755263	65535	65535	6	4294967295	80
2147483647	2251755263	65535	65535	6	4294967295	80
2147483647	2251755263	65535	65535	6	4294967295	80
2147483647	2251755263	65535	65535	6	4294967295	80
2147483647	2251755263	65535	65535	6	4294967295	80
2147483647	2251755263	65535	65535	6	4294967295	80
2147483647	2251755263	65535	65535	6	4294967295	80
2147483647	2251755263	65535	65535	6	4294967295	80
3913416704	1050847038	0	0	0	4294967295	56
3913416704	1050847038	0	0	0	4294967295	56
910163968	1050828288	65535	65535	255	0	73
910163968	1050828288	65535	65535	255	0	73
910163968	1050828288	65535	65535	255	0	73
3913451904	3749707776	65535	65535	6	0	62
3913451904	3749707776	65535	65535	6	0	62
3913451904	3749707776	65535	65535	6	0	62
3913451904	3749707776	65535	65535	6	0	62
3913451904	3749707776	65535	65535	6	0	62
3913451904	3749707776	65535	65535	6	0	62
3913578496	911540223	65535	65535	255	0	70
3913578496	911540223	65535	65535	255	0	70
4294967295	4294967295	65535	139	17	0	96
4294967295	4294967295	65535	139	17	0	96
4294967295	4294967295	65535	139	17	0	96
4294967295	4294967295	65535	139	17	0	96
4294967295	4294967295	65535	139	17	0	96
4294967295	4294967295	65535	139	17	0	96
911693824	2721054720	0	65535	0	0	81
911693824	2721054720	0	65535	0	0	81
911692692	2072630515	65535	25	17	4294967295	5
911692692	2072630515	65535	25	17	4294967295	5
911692692	2072630515	65535	25	17	4294967295	5
2318902999	3618962752	0	65535	6	4294967295	25
2318902999	3618962752	0	65535	6	4294967295	25
2318902999	3618962752	0	65535	6	4294967295	25
3913451800	2147483648	65535	65535	0	4294967295	84
3913451800	2147483648	65535	65535	0	4294967295	84
3913451806	3816407928	0	0	0	4294967295	27
3913451806	3816407928	0	0	0	4294967295	27
2316193583	2219507711	0	65535	6	0	36
2316193583	2219507711	0	65535	6	0	36
911692692	2072630515	65535	25	17	4294967295	5
911692692	2072630515	65535	25	17	4294967295	5
911692692	2072630515	65535	25	17	4294967295	5
3913576657	1055653887	0	65535	6	0	46
3913576657	1055653887	0	65535	6	0	46
3913449471	1054706176	0	137	17	4294967295	29
3913449471	1054706176	0	137	17	4294967295	29
3913449471	1054706176	0	137	17	4294967295	29
3913449471	1054706176	0	137	17	4294967295	29
3913451801	1050823168	0	25	6	0	13
3913451801	1050823168	0	25	6	0	13
3913451801	1050823168	0	25	6	0	13
3913451801	1050823168	0	25	6	0	13
3913451801	1050823168	0	25	6	0	13
3913451801	1050823168	0	25	6	0	13
3913451801	1050823168	0	25	6	0	13
3913579391	914358271	65535	0	6	4294967295	57
3913579391	914358271	65535	0	6	4294967295	57
911692791	2670482304	0	0	6	268439552	24
911692791	2670482304	0	0	6	268439552	24
911692791	2670482304	0	0	6	268439552	24
4294967295	4294967295	65535	161	6	0	95
4294967295	4294967295	65535	161	6	0	95
3913453567	1050673152	65535	0	0	4294967295	82
3913453567	1050673152	65535	0	0	4294967295	82
3913453567	1050673152	65535	0	0	4294967295	82
3913451806	1053818879	0	1025	6	4294967295	45
3913451806	1053818879	0	1025	6	4294967295	45
3913451806	1053818879	0	1025	6	4294967295	45
3913451806	1053818879	0	1025	6	4294967295	45
3913452543	2219476027	0	139	6	0	14
3913452543	2219476027	0	139	6	0	14
3898413056	2220687359	65535	65535	255	0	67
3898413056	2220687359	65535	65535	255	0	67
3898413056	2220687359	65535	65535	255	0	67
3898413056	2220687359	65535	65535	255	0	67
3898413056	2220687359	65535	65535	255	0	67
3898413056	2220687359	65535	65535	255	0	67
3913576639	2220671161	0	65535	255	4294967295	34
3913576639	2220671161	0	65535	255	4294967295	34
3913576639	2220671161	0	65535	255	4294967295	34
4294967295	226556001	65535	1025	6	4294967295	64
4294967295	226556001	65535	1025	6	4294967295	64
4294967295	226556001	65535	1025	6	4294967295	64
4294967295	226556001	65535	1025	6	4294967295	64
3913576703	1054706572	0	65535	255	0	43
3913576703	1054706572	0	65535	255	0	43
4133654572	2251292671	65535	0	6	0	50
4133654572	2251292671	65535	0	6	0	50
2147483648	905969664	0	68	6	4294967295	87
2147483648	905969664	0	68	6	4294967295	87
2147483648	905969664	0	68	6	4294967295	87
2147483648	905969664	0	68	6	4294967295	87
2147483648	905969664	0	68	6	4294967295	87
2147483648	905969664	0	68	6	4294967295	87
2147483648	905969664	0	68	6	4294967295	87
2147483648	905969664	0	68	6	4294967295	87
2147483648	905969664	0	68	6	4294967295	87
2147483648	905969664	0	68	6	4294967295	87
4155993900	71502208	65535	137	6	512	8
4155993900	71502208	65535	137	6	512	8
4155993900	71502208	65535	137	6	512	8
4155993900	71502208	65535	137	6	512	8
4155993900	71502208	65535	137	6	512	8
4155993900	71502208	65535	137	6	512	8
4155993900	71502208	65535	137	6	512	8
4155993900	71502208	65535	137	6	512	8
4155993900	71502208	65535	137	6	512	8
4155993900	71502208	65535	137	6	512	8
4155993900	71502208	65535	137	6	512	8
4155993900	71502208	65535	137	6	512	8
4155993900	71502208	65535	137	6	512	8
4155993900	71502208	65535	137	6	512	8
4155993900	71502208	65535	137	6	512	8
4155993900	71502208	65535	137	6	512	8
4155993900	71502208	65535	137	6	512	8
4155993900	71502208	65535	137	6	512	8
4155993900	71502208	65535	137	6	512	8
4155993900	71502208	65535	137	6	512	8
4155993900	71502208	65535	137	6	512	8
4155993900	71502208	65535	137	6	512	8
4155993900	71502208	65535	137	6	512	8
4155993900	71502208	65535	137	6	512	8
4155993900	71502208	65535	137	6	512	8
4155993900	71502208	65535	137	6	512	8
4155993900	71502208	65535	137	6	512	8
3913578752	911212544	65535	65535	255	0	76
3913578752	911212544	65535	65535	255	0	76
3913578752	911212544	65535	65535	255	0	76
3913578752	911212544	65535	65535	255	0	76
2318893311	2720006144	0	0	255	4294967295	78
2318893311	2720006144	0	0	255	4294967295	78
4294967295	234881023	0	25	6	0	88
4294967295	234881023	0	25	6	0	88
3913451800	2147483648	65535	0	0	4294967295	84
3913451800	2147483648	65535	0	0	4294967295	84
3913451800	2147483648	65535	0	0	4294967295	84
3913451800	2147483648	65535	0	0	4294967295	84
3913451800	2147483648	65535	0	0	4294967295	84
3913451800	2147483648	65535	0	0	4294967295	84
3913451800	2147483648	65535	0	0	4294967295	84
3913451800	2147483648	65535	0	0	4294967295	84
3913451800	2147483648	65535	0	0	4294967295	84
2316196834	118833349	0	21	6	0	3
2316196834	118833349	0	21	6	0	3
3913809919	2219475473	0	65535	6	0	51
3913809919	2219475473	0	65535	6	0	51
4286581759	4116865279	0	65535	0	4294967295	54
4286581759	4116865279	0	65535	0	4294967295	54
4286581759	4116865279	0	65535	0	4294967295	54
0	4294967295	0	0	0	4294967295	99
0	4294967295	0	0	0	4294967295	99
3898413074	4272521216	0	65535	6	0	32
3898413074	4272521216	0	65535	6	0	32
2318896827	117440512	0	0	255	0	60
2318896827	117440512	0	0	255	0	60
3913578752	911212544	0	65535	255	4294967295	76
3913578752	911212544	0	65535	255	4294967295	76
3913578752	911212544	0	65535	255	4294967295	76
3913578752	911212544	0	65535	255	4294967295	76
3913578752	911212544	0	65535	255	4294967295	76
3913578752	911212544	0	65535	255	4294967295	76
3913578752	911212544	0	65535	255	4294967295	76
3913578752	911212544	0	65535	255	4294967295	76
3913578752	911212544	0	65535	255	4294967295	76
3913578752	911212544	0	65535	255	4294967295	76
3913578752	911212544	0	65535	255	4294967295	76
3913578752	911212544	0	65535	255	4294967295	76
3913578752	911212544	0	65535	255	4294967295	76
3913578752	911212544	0	65535	255	4294967295	76
3913578752	911212544	0	65535	255	4294967295	76
3913578752	911212544	0	65535	255	4294967295	76
3913578752	911212544	0	65535	255	4294967295	76
3913578752	911212544	0	65535	255	4294967295	76
3913578752	911212544	0	65535	255	4294967295	76
3913578752	911212544	0	65535	255	4294967295	76
3913578752	911212544	0	65535	255	4294967295	76
3913578752	911212544	0	65535	255	4294967295	76
3913578752	911212544	0	65535	255	4294967295	76
3913578752	911212544	0	65535	255	4294967295	76
3913578752	911212544	0	65535	255	4294967295	76
3913578752	911212544	0	65535	255	4294967295	76
3913578752	911212544	0	65535	255	4294967295	76
3913578752	911212544	0	65535	255	4294967295	76
3913578752	911212544	0	65535	255	4294967295	76
3913578752	911212544	0	65535	255	4294967295	76
3913578752	911212544	0	65535	255	4294967295	76
3913578752	911212544	0	65535	255	4294967295	76
3913578752	911212544	0	65535	255	4294967295	76
3913578752	911212544	0	65535	255	4294967295	76
3913578752	911212544	0	65535	255	4294967295	76
3913578752	911212544	0	65535	255	4294967295	76
3913578752	911212544	0	65535	255	4294967295	76
3913578752	911212544	0	65535	255	4294967295	76
3913578752	911212544	0	65535	255	4294967295	76
3913578752	911212544	0	65535	255	4294967295	76
3913578752	911212544	0	65535	255	4294967295	76
3913578752	911212544	0	65535	255	4294967295	76
3913578752	911212544	0	65535	255	4294967295	76
3913578752	911212544	0	65535	255	4294967295	76
3913578752	911212544	0	65535	255	4294967295	76
3913578752	911212544	0	65535	255	4294967295	76
3913578752	911212544	0	65535	255	4294967295	76
3913578752	911212544	0	65535	255	4294967295	76
3913578752	911212544	0	65535	255	4294967295	76
3913578752	911212544	0	65535	255	4294967295	76
3913578752	911212544	0	65535	255	4294967295	76
3913578752	911212544	0	65535	255	4294967295	76
3913578752	911212544	0	65535	255	4294967295	76
3913578752	911212544	0	65535	255	4294967295	76
3913578752	911212544	0	65535	255	4294967295	76
3913578752	911212544	0	65535	255	4294967295	76
3913578752	911212544	0	65535	255	4294967295	76
3913578752	911212544	0	65535	255	4294967295	76
3913578752	911212544	0	65535	255	4294967295	76
3913578752	911212544	0	65535	255	4294967295	76
3913578752	911212544	0	65535	255	4294967295	76
3913578752	911212544	0	65535	255	4294967295	76
3913578752	911212544	0	65535	255	4294967295	76
3913578752	911212544	0	65535	255	4294967295	76
3913578752	911212544	0	65535	255	4294967295	76
3913578752	911212544	0	65535	255	4294967295	76
3913578752	911212544	0	65535	255	4294967295	76
3913578752	911212544	0	65535	255	4294967295	76
3913578752	911212544	0	65535	255	4294967295	76
3913578752	911212544	0	65535	255	4294967295	76
3913578752	911212544	0	65535	255	4294967295	76
3913578752	911212544	0	65535	255	4294967295	76
3913578752	911212544	0	65535	255	4294967295	76
3913578752	911212544	0	65535	255	4294967295	76
3913578752	911212544	0	65535	255	4294967295	76
3913578752	911212544	0	65535	255	4294967295	76
3913578752	911212544	0	65535	255	4294967295	76
3913578752	911212544	0	65535	255	4294967295	76
3913578752	911212544	0	65535	255	4294967295	76
3913578752	911212544	0	65535	255	4294967295	76
3913578752	911212544	0	65535	255	4294967295	76
3913578752	911212544	0	65535	255	4294967295	76
3913578752	911212544	0	65535	255	4294967295	76
3913578752	911212544	0	65535	255	4294967295	76
3913578752	911212544	0	65535	255	4294967295	76
3913578752	911212544	0	65535	255	4294967295	76
3913578752	911212544	0	65535	255	4294967295	76
3913578752	911212544	0	65535	255	4294967295	76
3913578752	911212544	0	65535	255	4294967295	76
3913578752	911212544	0	65535	255	4294967295	76
3913578752	911212544	0	65535	255	4294967295	76
3913578752	911212544	0	65535	255	4294967295	76
3913578752	911212544	0	65535	255	4294967295	76
3913578752	911212544	0	65535	255	4294967295	76
3913578752	911212544	0	65535	255	4294967295	76
3913578752	911212544	0	65535	255	4294967295	76
3913578752	911212544	0	65535	255	4294967295	76
3913578752	911212544	0	65535	255	4294967295	76
3913578752	911212544	0	65535	255	4294967295	76
3913578752	911212544	0	65535	255	4294967295	76
3913578752	911212544	0	65535	255	4294967295	76
3913578752	911212544	0	65535	255	4294967295	76
3913578752	911212544	0	65535	255	4294967295	76
3913578752	911212544	0	65535	255	4294967295	76
3913578752	911212544	0	65535	255	4294967295	76
3913578752	911212544	0	65535	255	4294967295	76
3913578752	911212544	0	65535	255	4294967295	76
3913578752	911212544	0	65535	255	4294967295	76
3913578752	911212544	0	65535	255	4294967295	76
3913578752	911212544	0	65535	255	4294967295	76
3913578752	911212544	0	65535	255	4294967295	76
3913578752	911212544	0	65535	255	4294967295	76
3913578752	911212544	0	65535	255	4294967295	76
3913578752	911212544	0	65535	255	4294967295	76
3913578752	911212544	0	65535	255	4294967295	76
3913578752	911212544	0	65535	255	4294967295	76
3913578752	911212544	0	65535	255	4294967295	76
3913578752	911212544	0	65535	255	4294967295	76
3913578752	911212544	0	65535	255	4294967295	76
3913578752	911212544	0	65535	255	4294967295	76
3913578752	911212544	0	65535	255	4294967295	76
3913578752	911212544	0	65535	255	4294967295	76
3913578752	911212544	0	65535	255	4294967295	76
3913578752	911212544	0	65535	255	4294967295	76
3913578752	911212544	0	65535	255	4294967295	76
3913578752	911212544	0	65535	255	4294967295	76
3913578752	911212544	0	65535	255	4294967295	76
3913578752	911212544	0	65535	255	4294967295	76
3913578752	911212544	0	65535	255	4294967295	76
3913578752	911212544	0	65535	255	4294967295	76
3913578752	911212544	0	65535	255	4294967295	76
3913578752	911212544	0	65535	255	4294967295	76
3913578752	911212544	0	65535	255	4294967295	76
3913578752	911212544	0	65535	255	4294967295	76
3913578752	911212544	0	65535	255	4294967295	76
3913578752	911212544	0	65535	255	4294967295	76
3913578752	911212544	0	65535	255	4294967295	76
3913578752	911212544	0	65535	255	4294967295	76
3913578752	911212544	0	65535	255	4294967295	76
3913578752	911212544	0	65535	255	4294967295	76
3913578752	911212544	0	65535	255	4294967295	76
3913578752	911212544	0	65535	255	4294967295	76
3913578752	911212544	0	65535	255	4294967295	76
3913578752	911212544	0	65535	255	4294967295	76
3913578752	911212544	0	65535	255	4294967295	76
3913578752	911212544	0	65535	255	4294967295	76
3913578752	911212544	0	65535	255	4294967295	76
3913578752	911212544	0	65535	255	4294967295	76
3913578752	911212544	0	65535	255	4294967295	76
3913578752	911212544	0	65535	255	4294967295	76
3913578752	911212544	0	65535	255	4294967295	76
3913578752	911212544	0	65535	255	4294967295	76
3913578752	911212544	0	65535	255	4294967295	76
3913578752	911212544	0	65535	255	4294967295	76
3913578752	911212544	0	65535	255	4294967295	76
3913578752	911212544	0	65535	255	4294967295	76
3913578752	911212544	0	65535	255	4294967295	76
3913578752	911212544	0	65535	255	4294967295	76
3913578752	911212544	0	65535	255	4294967295	76
3913578752	911212544	0	65535	255	4294967295	76
3913578752	911212544	0	65535	255	4294967295	76
3913578752	911212544	0	65535	255	4294967295	76
3913578752	911212544	0	65535	255	4294967295	76
3913578752	911212544	0	65535	255	4294967295	76
3913578752	911212544	0	65535	255	4294967295	76
3913578752	911212544	0	65535	255	4294967295	76
3913578752	911212544	0	65535	255	4294967295	76
3913578752	911212544	0	65535	255	4294967295	76
3913578752	911212544	0	65535	255	4294967295	76
3913578752	911212544	0	65535	255	4294967295	76
3913578752	911212544	0	65535	255	4294967295	76
3913578752	911212544	0	65535	255	4294967295	76
3913578752	911212544	0	65535	255	4294967295	76
3913578752	911212544	0	65535	255	4294967295	76
3913578752	911212544	0	65535	255	4294967295	76
3913578752	911212544	0	65535	255	4294967295	76
3913578752	911212544	0	65535	255	4294967295	76
3913578752	911212544	0	65535	255	4294967295	76
3913578752	911212544	0	65535	255	4294967295	76
3913578752	911212544	0	65535	255	4294967295	76
3913578752	911212544	0	65535	255	4294967295	76
3913578752	911212544	0	65535	255	4294967295	76
3913578752	911212544	0	65535	255	4294967295	76
3913578752	911212544	0	65535	255	4294967295	76
3913578752	911212544	0	65535	255	4294967295	76
3913578752	911212544	0	65535	255	4294967295	76
3913578752	911212544	0	65535	255	4294967295	76
3913578752	911212544	0	65535	255	4294967295	76
3913578752	911212544	0	65535	255	4294967295	76
3913578752	911212544	0	65535	255	4294967295	76
3913578752	911212544	0	65535	255	4294967295	76
3913578752	911212544	0	65535	255	4294967295	76
3913578752	911212544	0	65535	255	4294967295	76
3913578752	911212544	0	65535	255	4294967295	76
3913578752	911212544	0	65535	255	4294967295	76
3913578752	911212544	0	65535	255	4294967295	76
3913578752	911212544	0	65535	255	4294967295	76
3913578752	911212544	0	65535	255	4294967295	76
3913578752	911212544	0	65535	255	4294967295	76
3913578752	911212544	0	65535	255	4294967295	76
3913578752	911212544	0	65535	255	4294967295	76
3913578752	911212544	0	65535	255	4294967295	76
3913578752	911212544	0	65535	255	4294967295	76
3913578752	911212544	0	65535	255	4294967295	76
3913578752	911212544	0	65535	255	4294967295	76
3913578752	911212544	0	65535	255	4294967295	76
3913578752	911212544	0	65535	255	4294967295	76
3913578752	911212544	0	65535	255	4294967295	76
3913578752	911212544	0	65535	255	4294967295	76
3913578752	911212544	0	65535	255	4294967295	76
3913578752	911212544	0	65535	255	4294967295	76
3913578752	911212544	0	65535	255	4294967295	76
3913578752	911212544	0	65535	255	4294967295	76
3913578752	911212544	0	65535	255	4294967295	76
3913578752	911212544	0	65535	255	4294967295	76
3913578752	911212544	0	65535	255	4294967295	76
3913578752	911212544	0	65535	255	4294967295	76
3913578752	911212544	0	65535	255	4294967295	76
3913578752	911212544	0	65535	255	4294967295	76
3913578752	911212544	0	65535	255	4294967295	76
3913578752	911212544	0	65535	255	4294967295	76
3913578752	911212544	0	65535	255	4294967295	76
3913578752	911212544	0	65535	255	4294967295	76
3913578752	911212544	0	65535	255	4294967295	76
3913578752	911212544	0	65535	255	4294967295	76
3913578752	911212544	0	65535	255	4294967295	76
3913578752	911212544	0	65535	255	4294967295	76
3913578752	911212544	0	65535	255	4294967295	76
3913578752	911212544	0	65535	255	4294967295	76
3913578752	911212544	0	65535	255	4294967295	76
3913578752	911212544	0	65535	255	4294967295	76
3913578752	911212544	0	65535	255	4294967295	76
3913578752	911212544	0	65535	255	4294967295	76
3913578752	911212544	0	65535	255	4294967295	76
3913578752	911212544	0	65535	255	4294967295	76
3913578752	911212544	0	65535	255	4294967295	76
3913578752	911212544	0	65535	255	4294967295	76
3913578752	911212544	0	65535	255	4294967295	76
3913578752	911212544	0	65535	255	4294967295	76
3913578752	911212544	0	65535	255	4294967295	76
3913578752	911212544	0	65535	255	4294967295	76
3913578752	911212544	0	65535	255	4294967295	76
3913578752	911212544	0	65535	255	4294967295	76
3913578752	911212544	0	65535	255	4294967295	76
3913578752	911212544	0	65535	255	4294967295	76
3913578752	911212544	0	65535	255	4294967295	76
3913578752	911212544	0	65535	255	4294967295	76
3913578752	911212544	0	65535	255	4294967295	76
3913578752	911212544	0	65535	255	4294967295	76
3913578752	911212544	0	65535	255	4294967295	76
3913578752	911212544	0	65535	255	4294967295	76
3913578752	911212544	0	65535	255	4294967295	76
3913578752	911212544	0	65535	255	4294967295	76
3913578752	911212544	0	65535	255	4294967295	76
3913578752	911212544	0	65535	255	4294967295	76
3913578752	911212544	0	65535	255	4294967295	76
3913578752	911212544	0	65535	255	4294967295	76
3913578752	911212544	0	65535	255	4294967295	76
3913578752	911212544	0	65535	255	4294967295	76
3913578752	911212544	0	65535	255	4294967295	76
3913578752	911212544	0	65535	255	4294967295	76
3913578752	911212544	0	65535	255	4294967295	76
3913578752	911212544	0	65535	255	4294967295	76
3913578752	911212544	0	65535	255	4294967295	76
3913578752	911212544	0	65535	255	4294967295	76
3913578752	911212544	0	65535	255	4294967295	76
3913578752	911212544	0	65535	255	4294967295	76
3913578752	911212544	0	65535	255	4294967295	76
3913578752	911212544	0	65535	255	4294967295	76
3913578752	911212544	0	65535	255	4294967295	76
3913578752	911212544	0	65535	255	4294967295	76
3913578752	911212544	0	65535	255	4294967295	76
3913578752	911212544	0	65535	255	4294967295	76
3913578752	911212544	0	65535	255	4294967295	76
3913578752	911212544	0	65535	255	4294967295	76
3913578752	911212544	0	65535	255	4294967295	76
3913578752	911212544	0	65535	255	4294967295	76
3913578752	911212544	0	65535	255	4294967295	76
3913578752	911212544	0	65535	255	4294967295	76
3913578752	911212544	0	65535	255	4294967295	76
3913578752	911212544	0	65535	255	4294967295	76
3913578752	911212544	0	65535	255	4294967295	76
3913578752	911212544	0	65535	255	4294967295	76
3913578752	911212544	0	65535	255	4294967295	76
3913578752	911212544	0	65535	255	4294967295	76
3913578752	911212544	0	65535	255	4294967295	76
3913578752	911212544	0	65535	255	4294967295	76
3913578752	911212544	0	65535	255	4294967295	76
3913578752	911212544	0	65535	255	4294967295	76
3913578752	911212544	0	65535	255	4294967295	76
3913578752	911212544	0	65535	255	4294967295	76
3913578752	911212544	0	65535	255	4294967295	76
3913578752	911212544	0	65535	255	4294967295	76
3913578752	911212544	0	65535	255	4294967295	76
3913578752	911212544	0	65535	255	4294967295	76
3913578752	911212544	0	65535	255	4294967295	76
3913578752	911212544	0	65535	255	4294967295	76
3913578752	911212544	0	65535	255	4294967295	76
3913578752	911212544	0	65535	255	4294967295	76
3913578752	911212544	0	65535	255	4294967295	76
3913578752	911212544	0	65535	255	4294967295	76
3913578752	911212544	0	65535	255	4294967295	76
3913578752	911212544	0	65535	255	4294967295	76
3913578752	911212544	0	65535	255	4294967295	76
3913578752	911212544	0	65535	255	4294967295	76
3913578752	911212544	0	65535	255	4294967295	76
3913578752	911212544	0	65535	255	4294967295	76
3913578752	911212544	0	65535	255	4294967295	76
3913578752	911212544	0	65535	255	4294967295	76
3913578752	911212544	0	65535	255	4294967295	76
3913578752	911212544	0	65535	255	4294967295	76
3913578752	911212544	0	65535	255	4294967295	76
3913578752	911212544	0	65535	255	4294967295	76
3913578752	911212544	0	65535	255	4294967295	76
3913578752	911212544	0	65535	255	4294967295	76
3913578752	911212544	0	65535	255	4294967295	76
3913578752	911212544	0	65535	255	4294967295	76
3913578752	911212544	0	65535	255	4294967295	76
3913578752	911212544	0	65535	255	4294967295	76
3913578752	911212544	0	65535	255	4294967295	76
3913578752	911212544	0	65535	255	4294967295	76
3913578752	911212544	0	65535	255	4294967295	76
3913578752	911212544	0	65535	255	4294967295	76
3913578752	911212544	0	65535	255	4294967295	76
3913578752	911212544	0	65535	255	4294967295	76
3913578752	911212544	0	65535	255	4294967295	76
3913578752	911212544	0	65535	255	4294967295	76
3913578752	911212544	0	65535	255	4294967295	76
3913578752	911212544	0	65535	255	4294967295	76
3913578752	911212544	0	65535	255	4294967295	76
3913578752	911212544	0	65535	255	4294967295	76
3913578752	911212544	0	65535	255	4294967295	76
3913578752	911212544	0	65535	255	4294967295	76
3913578752	911212544	0	65535	255	4294967295	76
3913578752	911212544	0	65535	255	4294967295	76
3913578752	911212544	0	65535	255	4294967295	76
3913578752	911212544	0	65535	255	4294967295	76
3913578752	911212544	0	65535	255	4294967295	76
3913578752	911212544	0	65535	255	4294967295	76
3913578752	911212544	0	65535	255	4294967295	76
3913578752	911212544	0	65535	255	4294967295	76
3913578752	911212544	0	65535	255	4294967295	76
3913578752	911212544	0	65535	255	4294967295	76
3913578752	911212544	0	65535	255	4294967295	76
3913578752	911212544	0	65535	255	4294967295	76
3913578752	911212544	0	65535	255	4294967295	76
3913578752	911212544	0	65535	255	4294967295	76
3913578752	911212544	0	65535	255	4294967295	76
3913578752	911212544	0	65535	255	4294967295	76
3913578752	911212544	0	65535	255	4294967295	76
3913578752	911212544	0	65535	255	4294967295	76
3913578752	911212544	0	65535	255	4294967295	76
3913578752	911212544	0	65535	255	4294967295	76
3913578752	911212544	0	65535	255	4294967295	76
3913578752	911212544	0	65535	255	4294967295	76
3913578752	911212544	0	65535	255	4294967295	76
3913578752	911212544	0	65535	255	4294967295	76
3913578752	911212544	0	65535	255	4294967295	76
3913578752	911212544	0	65535	255	4294967295	76
3913578752	911212544	0	65535	255	4294967295	76
3913578752	911212544	0	65535	255	4294967295	76
3913578752	911212544	0	65535	255	4294967295	76
3913578752	911212544	0	65535	255	4294967295	76
3913578752	911212544	0	65535	255	4294967295	76
3913578752	911212544	0	65535	255	4294967295	76
3913578752	911212544	0	65535	255	4294967295	76
3913578752	911212544	0	65535	255	4294967295	76
3913578752	911212544	0	65535	255	4294967295	76
3913578752	911212544	0	65535	255	4294967295	76
3913578752	911212544	0	65535	255	4294967295	76
3913578752	911212544	0	65535	255	4294967295	76
3913578752	911212544	0	65535	255	4294967295	76
3913578752	911212544	0	65535	255	4294967295	76
3913578752	911212544	0	65535	255	4294967295	76
3913578752	911212544	0	65535	255	4294967295	76
3913578752	911212544	0	65535	255	4294967295	76
3913578752	911212544	0	65535	255	4294967295	76
3913578752	911212544	0	65535	255	4294967295	76
3913578752	911212544	0	65535	255	4294967295	76
3913578752	911212544	0	65535	255	4294967295	76
3913578752	911212544	0	65535	255	4294967295	76
3913578752	911212544	0	65535	255	4294967295	76
3913578752	911212544	0	65535	255	4294967295	76
3913578752	911212544	0	65535	255	4294967295	76
3913578752	911212544	0	65535	255	4294967295	76
3913578752	911212544	0	65535	255	4294967295	76
3913578752	911212544	0	65535	255	4294967295	76
3913578752	911212544	0	65535	255	4294967295	76
3913578752	911212544	0	65535	255	4294967295	76
3913578752	911212544	0	65535	255	4294967295	76
3913578752	911212544	0	65535	255	4294967295	76
3913578752	911212544	0	65535	255	4294967295	76
3913578752	911212544	0	65535	255	4294967295	76
3913578752	911212544	0	65535	255	4294967295	76
3913578752	911212544	0	65535	255	4294967295	76
3913578752	911212544	0	65535	255	4294967295	76
3913578752	911212544	0	65535	255	4294967295	76
3913578752	911212544	0	65535	255	4294967295	76
3913578752	911212544	0	65535	255	4294967295	76
3913578752	911212544	0	65535	255	4294967295	76
3913579007	3816554496	0	0	0	4294967295	68
3913579007	3816554496	0	0	0	4294967295	68
3913576659	1056243712	0	1025	6	0	39
3913576659	1056243712	0	1025	6	0	39
3913576659	1056243712	0	1025	6	0	39
3913576659	1056243712	0	1025	6	0	39
3913576659	1056243712	0	1025	6	0	39
3913576659	1056243712	0	1025	6	0	39
3898413329	3816815359	65535	53	6	4294967295	12
3898413329	3816815359	65535	53	6	4294967295	12
3897955826	3816798617	65535	65535	0	0	26
3897955826	3816798617	65535	65535	0	0	26
3897955826	3816798617	65535	65535	0	0	26
3897955826	3816798617	65535	65535	0	0	26
3897955826	3816798617	65535	65535	0	0	26
0	226920650	65535	0	255	0	86
0	226920650	65535	0	255	0	86
4294967295	0	0	25	6	4294967295	94
4294967295	0	0	25	6	4294967295	94
3913576659	1056309247	0	1025	6	0	39
3913576659	1056309247	0	1025	6	0	39
4294967295	0	65535	161	6	0	95
4294967295	0	65535	161	6	0	95
4294967295	0	65535	161	6	0	95
4294967295	0	65535	161	6	0	95
4294967295	0	65535	161	6	0	95
4294967295	0	65535	161	6	0	95
3913578496	911474688	65535	65535	255	0	70
3913578496	911474688	65535	65535	255	0	70
3913576576	2220671161	0	0	255	4294967295	34
3913576576	2220671161	0	0	255	4294967295	34
2318893311	2720006144	65535	65535	0	0	78
2318893311	2720006144	65535	65535	0	0	78
2318893311	2720006144	65535	65535	0	0	78
2318893311	2720006144	65535	65535	0	0	78
2318893311	2720006144	65535	65535	0	0	78
2318893311	2720006144	65535	65535	0	0	78
2318893311	2720006144	65535	65535	0	0	78
2318893311	2720006144	65535	65535	0	0	78
2318893311	2720006144	65535	65535	0	0	78
2318893311	2720006144	65535	65535	0	0	78
2318893311	2720006144	65535	65535	0	0	78
2318893311	2720006144	65535	65535	0	0	78
2318893311	2720006144	65535	65535	0	0	78
2318893311	2720006144	65535	65535	0	0	78
2318893311	2720006144	65535	65535	0	0	78
2318893311	2720006144	65535	65535	0	0	78
2318893311	2720006144	65535	65535	0	0	78
2318893311	2720006144	65535	65535	0	0	78
2318893311	2720006144	65535	65535	0	0	78
2318893311	2720006144	65535	65535	0	0	78
2318893311	2720006144	65535	65535	0	0	78
2318893311	2720006144	65535	65535	0	0	78
2318893311	2720006144	65535	65535	0	0	78
2318893311	2720006144	65535	65535	0	0	78
2318893311	2720006144	65535	65535	0	0	78
2318893311	2720006144	65535	65535	0	0	78
2318893311	2720006144	65535	65535	0	0	78
2318893311	2720006144	65535	65535	0	0	78
2318893311	2720006144	65535	65535	0	0	78
2318893311	2720006144	65535	65535	0	0	78
2318893311	2720006144	65535	65535	0	0	78
2318893311	2720006144	65535	65535	0	0	78
2318893311	2720006144	65535	65535	0	0	78
2318893311	2720006144	65535	65535	0	0	78
2318893311	2720006144	65535	65535	0	0	78
2318893311	2720006144	65535	65535	0	0	78
2318893311	2720006144	65535	65535	0	0	78
3898413567	2220687359	65535	65535	0	4294967295	67
3898413567	2220687359	65535	65535	0	4294967295	67
3898413567	2220687359	65535	65535	0	4294967295	67
3898413567	2220687359	65535	65535	0	4294967295	67
3898413567	2220687359	65535	65535	0	4294967295	67
3898413567	2220687359	65535	65535	0	4294967295	67
3898413567	2220687359	65535	65535	0	4294967295	67
3898413567	2220687359	65535	65535	0	4294967295	67
3898413567	2220687359	65535	65535	0	4294967295	67
911693632	913684151	65535	135	6	4294967295	1
911693632	913684151	65535	135	6	4294967295	1
4294967295	1925217791	65535	65535	0	4294967295	97
4294967295	1925217791	65535	65535	0	4294967295	97
911693506	2719966168	0	25	17	0	2
911693506	2719966168	0	25	17	0	2
911693506	2719966168	0	25	17	0	2
911693506	2719966168	0	25	17	0	2
911693506	2719966168	0	25	17	0	2
911693506	2719966168	0	25	17	0	2
911693506	2719966168	0	25	17	0	2
911693506	2719966168	0	25	17	0	2
911693506	2719966168	0	25	17	0	2
911693506	2719966168	0	25	17	0	2
911693506	2719966168	0	25	17	0	2
911693506	2719966168	0	25	17	0	2
911693506	2719966168	0	25	17	0	2
911693506	2719966168	0	25	17	0	2
911693506	2719966168	0	25	17	0	2
911693506	2719966168	0	25	17	0	2
911693506	2719966168	0	25	17	0	2
911693506	2719966168	0	25	17	0	2
911693506	2719966168	0	25	17	0	2
911693506	2719966168	0	25	17	0	2
911693506	2719966168	0	25	17	0	2
911693506	2719966168	0	25	17	0	2
911693506	2719966168	0	25	17	0	2
911693506	2719966168	0	25	17	0	2
911693506	2719966168	0	25	17	0	2
911693506	2719966168	0	25	17	0	2
911693506	2719966168	0	25	17	0	2
911693506	2719966168	0	25	17	0	2
911693506	2719966168	0	25	17	0	2
911693506	2719966168	0	25	17	0	2
911693506	2719966168	0	25	17	0	2
911693506	2719966168	0	25	17	0	2
911693506	2719966168	0	25	17	0	2
911693506	2719966168	0	25	17	0	2
911693506	2719966168	0	25	17	0	2
911693506	2719966168	0	25	17	0	2
911693506	2719966168	0	25	17	0	2
911693506	2719966168	0	25	17	0	2
911693506	2719966168	0	25	17	0	2
911693506	2719966168	0	25	17	0	2
911693506	2719966168	0	25	17	0	2
911693506	2719966168	0	25	17	0	2
911693506	2719966168	0	25	17	0	2
911693506	2719966168	0	25	17	0	2
911693506	2719966168	0	25	17	0	2
911693506	2719966168	0	25	17	0	2
911693506	2719966168	0	25	17	0	2
911693506	2719966168	0	25	17	0	2
911693506	2719966168	0	25	17	0	2
911693506	2719966168	0	25	17	0	2
911693506	2719966168	0	25	17	0	2
911693506	2719966168	0	25	17	0	2
911693506	2719966168	0	25	17	0	2
911693506	2719966168	0	25	17	0	2
911693506	2719966168	0	25	17	0	2
911693506	2719966168	0	25	17	0	2
911693506	2719966168	0	25	17	0	2
911693506	2719966168	0	25	17	0	2
911693506	2719966168	0	25	17	0	2
911693506	2719966168	0	25	17	0	2
911693506	2719966168	0	25	17	0	2
911693506	2719966168	0	25	17	0	2
911693506	2719966168	0	25	17	0	2
911693506	2719966168	0	25	17	0	2
911693506	2719966168	0	25	17	0	2
911693506	2719966168	0	25	17	0	2
911693506	2719966168	0	25	17	0	2
911693506	2719966168	0	25	17	0	2
911693506	2719966168	0	25	17	0	2
911693506	2719966168	0	25	17	0	2
911693506	2719966168	0	25	17	0	2
911693506	2719966168	0	25	17	0	2
911693506	2719966168	0	25	17	0	2
911693506	2719966168	0	25	17	0	2
911693506	2719966168	0	25	17	0	2
911693506	2719966168	0	25	17	0	2
911693506	2719966168	0	25	17	0	2
911693506	2719966168	0	25	17	0	2
911693506	2719966168	0	25	17	0	2
911693506	2719966168	0	25	17	0	2
911693506	2719966168	0	25	17	0	2
911693506	2719966168	0	25	17	0	2
911693506	2719966168	0	25	17	0	2
911693506	2719966168	0	25	17	0	2
911693506	2719966168	0	25	17	0	2
911693506	2719966168	0	25	17	0	2
911693506	2719966168	0	25	17	0	2
911693506	2719966168	0	25	17	0	2
911693506	2719966168	0	25	17	0	2
911693506	2719966168	0	25	17	0	2
911693506	2719966168	0	25	17	0	2
911693506	2719966168	0	25	17	0	2
911693506	2719966168	0	25	17	0	2
911693506	2719966168	0	25	17	0	2
911693506	2719966168	0	25	17	0	2
911693506	2719966168	0	25	17	0	2
911693506	2719966168	0	25	17	0	2
911693506	2719966168	0	25	17	0	2
911693506	2719966168	0	25	17	0	2
911693506	2719966168	0	25	17	0	2
911693506	2719966168	0	25	17	0	2
911693506	2719966168	0	25	17	0	2
911693506	2719966168	0	25	17	0	2
911693506	2719966168	0	25	17	0	2
911693506	2719966168	0	25	17	0	2
911693506	2719966168	0	25	17	0	2
911693506	2719966168	0	25	17	0	2
911693506	2719966168	0	25	17	0	2
911693506	2719966168	0	25	17	0	2
911693506	2719966168	0	25	17	0	2
911693506	2719966168	0	25	17	0	2
911693506	2719966168	0	25	17	0	2
911693506	2719966168	0	25	17	0	2
911693506	2719966168	0	25	17	0	2
911693506	2719966168	0	25	17	0	2
911693506	2719966168	0	25	17	0	2
911693506	2719966168	0	25	17	0	2
911693506	2719966168	0	25	17	0	2
911693506	2719966168	0	25	17	0	2
911693506	2719966168	0	25	17	0	2
911693506	2719966168	0	25	17	0	2
911693506	2719966168	0	25	17	0	2
911693506	2719966168	0	25	17	0	2
911693506	2719966168	0	25	17	0	2
911693506	2719966168	0	25	17	0	2
911693506	2719966168	0	25	17	0	2
911693506	2719966168	0	25	17	0	2
911693506	2719966168	0	25	17	0	2
911693506	2719966168	0	25	17	0	2
911693506	2719966168	0	25	17	0	2
911693506	2719966168	0	25	17	0	2
911693506	2719966168	0	25	17	0	2
911693506	2719966168	0	25	17	0	2
911693506	2719966168	0	25	17	0	2
911693506	2719966168	0	25	17	0	2
911693506	2719966168	0	25	17	0	2
911693506	2719966168	0	25	17	0	2
911693506	2719966168	0	25	17	0	2
911693506	2719966168	0	25	17	0	2
911693506	2719966168	0	25	17	0	2
911693506	2719966168	0	25	17	0	2
911693506	2719966168	0	25	17	0	2
911693506	2719966168	0	25	17	0	2
911693506	2719966168	0	25	17	0	2
911693506	2719966168	0	25	17	0	2
911693506	2719966168	0	25	17	0	2
911693506	2719966168	0	25	17	0	2
911693506	2719966168	0	25	17	0	2
911693506	2719966168	0	25	17	0	2
911693506	2719966168	0	25	17	0	2
911693506	2719966168	0	25	17	0	2
911693506	2719966168	0	25	17	0	2
911693506	2719966168	0	25	17	0	2
911693506	2719966168	0	25	17	0	2
911693506	2719966168	0	25	17	0	2
911693506	2719966168	0	25	17	0	2
911693506	2719966168	0	25	17	0	2
911693506	2719966168	0	25	17	0	2
911693506	2719966168	0	25	17	0	2
911693506	2719966168	0	25	17	0	2
911693506	2719966168	0	25	17	0	2
911693506	2719966168	0	25	17	0	2
911693506	2719966168	0	25	17	0	2
911693506	2719966168	0	25	17	0	2
911693506	2719966168	0	25	17	0	2
911693506	2719966168	0	25	17	0	2
911693506	2719966168	0	25	17	0	2
911693506	2719966168	0	25	17	0	2
911693506	2719966168	0	25	17	0	2
911693506	2719966168	0	25	17	0	2
911693506	2719966168	0	25	17	0	2
911693506	2719966168	0	25	17	0	2
911693506	2719966168	0	25	17	0	2
911693506	2719966168	0	25	17	0	2
911693506	2719966168	0	25	17	0	2
911693506	2719966168	0	25	17	0	2
